seed=42
0.4 0.6 7.718345908938833
0.3 0.7 7.6927287723436635
0.19999999999999996 0.8 7.643112504693306
0.09999999999999998 0.9 7.603528505856905

seed=70
0.4 0.6 7.705979741937482
0.3 0.7 7.678764685428506
0.19999999999999996 0.8 7.635731659320127
0.09999999999999998 0.9 7.578886741147385

seed=54
0.4 0.6 7.7341261597054185
0.3 0.7 7.704128180803191
0.19999999999999996 0.8 7.663205212363904
0.09999999999999998 0.9 7.615060165360581
0.01 0.99 7.815386682211761 (edit code in last cell to test these extreme proportions)